Hitrate: 0.850413681661 0.941335726391 0.967108594089 1.0 
Band_Ratio: 0.822439028836 0.896105379558 0.917603866672 0.914330501987 
Final_Size: 816 127 105 420 
Transcoding: 0.0 0.847912491701 0.92434279339 0.95151935921 
