Hitrate: 0.850443999115 0.94144183748 0.967329911503 1.0 
Band_Ratio: 0.822480952207 0.89619621353 0.918158288068 0.917976012541 
Final_Size: 49330 10776 10776 10800 
Transcoding: 0.0 0.848003444063 0.924542888586 0.95151935921 
