Hitrate: 0.858203288998 0.944037016856 0.967913960821 1.0 
Band_Ratio: 0.834009327405 0.90302455048 0.917726314478 0.917543076871 
Final_Size: 47622 10776 10776 10800 
Transcoding: 0.0 0.847692550477 0.930465360715 0.957132265585 
