LRU: 0.107129099681 0.144671478741 0.196580511101 0.350426220943 0.56844962512 0.753231441313 
LRU_Trans: 0.173082765242 0.237228257568 0.328967834445 0.628413413048 0.89619621353 0.89619621353 
LRU_Trans_Enhance: -0.912943689012 -0.709972294121 -0.421832658917 0.369714009698 0.918158288068 0.918158288068 
LF: 0.109759639338 0.148665439345 0.202317633335 0.35973958903 0.579789593283 0.756712296307 
LF_Trans: 0.17894687276 0.244361306551 0.342141190624 0.655571251504 0.896086544421 0.896086544421 
LF_Trans_Enhance: -0.892354149198 -0.689230858034 -0.382620636023 0.436161034353 0.917930443659 0.917930443659 
