LRU: 0.107135819162 0.144593033655 0.197118022817 0.354853672808 0.577371658638 0.77494141152 
LRU_Trans: 0.181061899146 0.248099853567 0.345333992233 0.656745785116 0.94144183748 0.94144183748 
LRU_Trans_Enhance: 0.236379125827 0.317402521806 0.43242391077 0.748398480489 0.967329911503 0.967329911503 
LF: 0.109294421892 0.148176556725 0.202469053459 0.363394099617 0.587855434252 0.778758378986 
LF_Trans: 0.186888913817 0.255169883854 0.358452354605 0.684880382485 0.941359980354 0.941359980354 
LF_Trans_Enhance: 0.244598187623 0.32568221851 0.448076812302 0.774923221048 0.967238959141 0.967238959141 
