LRU: 0.107498207624 0.196752457682 0.348667565893 0.479721847545 0.683927247761 0.790627999951 0.822466673958 
LRU_Trans: 0.170476528988 0.318393423499 0.582924428566 0.749066445506 0.881868141883 0.89619621353 0.89619621353 
LRU_Trans_Enhance: -1.24950785607 -1.01870146914 -0.615151045657 -0.240612810326 0.587799083762 0.918158288068 0.918158288068 
LF: 0.109370481086 0.201065096667 0.35510189202 0.486791403886 0.689436221793 0.791221914379 0.822282879467 
LF_Trans: 0.174145127775 0.326684833461 0.599219556949 0.762005273839 0.88446161885 0.896086544421 0.896086544421 
LF_Trans_Enhance: -1.24105482847 -1.00412702174 -0.580252876919 -0.194466722566 0.671440766529 0.917930443659 0.917930443659 
