LRU: 0.108924548952 0.198888562134 0.35401387933 0.485631042648 0.699608601668 0.816909863177 0.850419745151 
LRU_Trans: 0.179991693018 0.335395930791 0.609165572712 0.782545028999 0.923818301434 0.94144183748 0.94144183748 
LRU_Trans_Enhance: 0.102027328153 0.194162071046 0.355253863202 0.504764387906 0.835455049827 0.967329911503 0.967329911503 
LF: 0.110264580422 0.202350815388 0.359810576547 0.491800644549 0.70507180689 0.8177526884 0.850195395991 
LF_Trans: 0.183466073253 0.342944976853 0.624960966278 0.795005502618 0.927301776906 0.941359980354 0.941359980354 
LF_Trans_Enhance: 0.10540166079 0.19997999048 0.369184733343 0.523185272994 0.868843661985 0.967238959141 0.967238959141 
