Hitrate: 0.112560183655 0.18848463735 0.242720643626 
Band_Ratio: 0.113692521799 0.18014363996 -0.941784190685 
Final_Size: 150 150 150 
New_Hitrate: 0.115924811 0.195904682787 0.252421489547 
New_Band_Ratio: 0.1176357951 0.187488108643 -0.916909685542 
New_Final_Size: 150 150 150 
