Hitrate: 0.107135819162 0.181061899146 0.236379125827 
Band_Ratio: 0.107129099681 0.173082765242 -0.912943689012 
Final_Size: 150 150 150 
New_Hitrate: 0.109294421892 0.186888913817 0.244598187623 
New_Band_Ratio: 0.109759639338 0.17894687276 -0.892354149198 
New_Final_Size: 150 150 150 
